# === TRACKER DATA METADATA (readme.txt) ===
# Updated: 2026-03-08T20:27:00.994840
# Pipeline: v1.3

[constants]
filename = r1-1mu-0_5p-1_15ul-water-500ul-gly-0.avi
fps = 29.0
total_frames = 240
width = 1440
height = 1080
bead_diameter_um = 1.0
solute_pct = 0.0
solute_type = glycerol
temp_c = 19.0
pixel_size_um = 0.0684

[detection]
mode = AUTO
threshold = 7
blur_sigma = 1.2
close_k_factor = 0.8
min_fill_ratio = 0.25
max_aspect_ratio = 3.5
area_mult_min = 0.08
area_mult_max = 8.0

[volatile]
pipeline_version = 1.3
d_variance = 0.310005
d_variance_err = 0.111678
d_gauss = 0.144329
d_gauss_err = 0.111678
d_msd = 0.452002
d_msd_err = 0.013505
d_mid = 0.433498
d_wall = 0.425801
eta_corrected = 0.00098071
alpha = 0.3503
alpha_err = 0.0281
n_segments = 123
last_processed = 2026-03-08T20:27:00.981550

