# === TRACKER DATA METADATA (readme.txt) ===
# Updated: 2026-03-08T12:16:16.922284
# Pipeline: v1.2

[constants]
filename = 1um-post-lab-trackresults.txt
format = MTRACK2
input_units = px
fps = 29.0
total_frames = 61
n_particles = 1
bead_diameter_um = 1.0
solute_pct = 0.00
solute_type = glycerol
temp_c = 21.0
pixel_size_um = 0.0684

[volatile]
pipeline_version = 1.2
d_variance = 0.021837
d_variance_err = 0.004296
d_gauss = 0.030430
d_gauss_err = 0.004296
d_msd = 0.084213
d_msd_err = 0.000000
d_mid = 0.433510
d_wall = 0.425813
eta_corrected = 0.00098069
alpha = -0.2811
alpha_err = 0.3157
n_segments = 1
last_processed = 2026-03-08T12:16:16.922284

