# === TRACKER DATA METADATA (readme.txt) ===
# Updated: 2026-03-08T20:29:20.929858
# Pipeline: v1.3

[constants]
filename = r15-3mu-0_5p-6ul-acetone-497ul-trial1.avi
fps = 29.0
total_frames = 240
width = 1440
height = 1080
bead_diameter_um = 3.0
solute_pct = 100.0
solute_type = acetone
temp_c = 19.0
pixel_size_um = 0.0684

[detection]
mode = AUTO
threshold = 15
blur_sigma = 1.5
close_k_factor = 0.6
min_fill_ratio = 0.4
max_aspect_ratio = 3.0
area_mult_min = 0.1
area_mult_max = 6.0

[volatile]
pipeline_version = 1.3
d_variance = 0.227051
d_variance_err = 0.019874
d_gauss = 0.221688
d_gauss_err = 0.019874
d_msd = 0.174720
d_msd_err = 0.004207
d_mid = 0.430566
d_wall = 0.407191
eta_corrected = 0.00032005
alpha = 0.7224
alpha_err = 0.0137
n_segments = 12
last_processed = 2026-03-08T20:29:20.928841

