# === TRACKER DATA METADATA (readme.txt) ===
# Updated: 2026-03-08T12:20:44.802054
# Pipeline: v1.2

[constants]
filename = r8-5mu-0_5p-20ul-water-390ul-gly-100ul-trial1-tracker.txt
format = TRACKER
input_units = um
fps = 29.0
total_frames = 240
n_particles = 3
bead_diameter_um = 5.0
solute_pct = 20.41
solute_type = glycerol
temp_c = 21.0
pixel_size_um = 0.0684

[volatile]
pipeline_version = 1.2
d_variance = 0.048123
d_variance_err = 0.002988
d_gauss = 0.050911
d_gauss_err = 0.002988
d_msd = 0.042819
d_msd_err = 0.000888
d_mid = 0.046789
d_wall = 0.042510
eta_corrected = 0.00171718
alpha = 0.7916
alpha_err = 0.0145
n_segments = 3
last_processed = 2026-03-08T12:20:44.802054

