# === TRACKER DATA METADATA (readme.txt) ===
# Updated: 2026-03-08T17:34:29.125624
# Pipeline: v1.3

[constants]
filename = r12-5mu-0_5p-20ul-water-290ul-gly-200ul-trial2-tracker.txt
format = TRACKER
input_units = um
fps = 29.0
total_frames = 232
n_particles = 3
bead_diameter_um = 5.0
solute_pct = 40.82
solute_type = glycerol
temp_c = 21.0
pixel_size_um = 0.0684

[volatile]
pipeline_version = 1.3
d_variance = 0.000000
d_variance_err = 0.003036
d_gauss = 0.000000
d_gauss_err = 0.003036
d_msd = 0.000000
d_msd_err = 0.000524
d_mid = 0.021728
d_wall = 0.019741
eta_corrected = 0.00369771
alpha = 1.1045
alpha_err = 0.0181
n_segments = 3
last_processed = 2026-03-08T17:34:29.124473

