# === TRACKER DATA METADATA (readme.txt) ===
# Updated: 2026-03-08T12:19:02.236926
# Pipeline: v1.2

[constants]
filename = r2-2_1mu-0_5p-4ul-water-498ul-gly-0l-trial1-tracker.txt
format = TRACKER
input_units = um
fps = 29.0
total_frames = 240
n_particles = 5
bead_diameter_um = 2.1
solute_pct = 0.00
solute_type = glycerol
temp_c = 21.0
pixel_size_um = 0.0684

[volatile]
pipeline_version = 1.2
d_variance = 0.088647
d_variance_err = 0.025008
d_gauss = 0.081209
d_gauss_err = 0.025008
d_msd = 0.090743
d_msd_err = 0.005972
d_mid = 0.203278
d_wall = 0.195611
eta_corrected = 0.00098078
alpha = 1.2343
alpha_err = 0.0316
n_segments = 5
last_processed = 2026-03-08T12:19:02.235917

