# === TRACKER DATA METADATA (readme.txt) ===
# Updated: 2026-03-08T20:28:51.593073
# Pipeline: v1.3

[constants]
filename = r14-2_1mu-0_5p-4ul-acetone-498ul-trial1.avi
fps = 29.0
total_frames = 241
width = 1440
height = 1080
bead_diameter_um = 2.1
solute_pct = 100.0
solute_type = acetone
temp_c = 19.0
pixel_size_um = 0.0684

[detection]
mode = AUTO
threshold = 12
blur_sigma = 1.2
close_k_factor = 0.5
min_fill_ratio = 0.4
max_aspect_ratio = 3.0
area_mult_min = 0.1
area_mult_max = 6.0

[volatile]
pipeline_version = 1.3
d_variance = 0.328032
d_variance_err = 0.014853
d_gauss = 0.329543
d_gauss_err = 0.014853
d_msd = 0.306402
d_msd_err = 0.004245
d_mid = 0.622974
d_wall = 0.599477
eta_corrected = 0.00032003
alpha = 1.0667
alpha_err = 0.0101
n_segments = 11
last_processed = 2026-03-08T20:28:51.592037

