# === TRACKER DATA METADATA (readme.txt) ===
# Updated: 2026-03-08T20:31:15.234855
# Pipeline: v1.3

[constants]
filename = r5-1mu-0_5p-1_15ul-water-400ul-gly-100ul-trial1.avi
fps = 29.0
total_frames = 241
width = 1440
height = 1080
bead_diameter_um = 1.0
solute_pct = 20.0
solute_type = glycerol
temp_c = 19.0
pixel_size_um = 0.0684

[detection]
mode = AUTO
threshold = 7
blur_sigma = 1.2
close_k_factor = 0.8
min_fill_ratio = 0.25
max_aspect_ratio = 3.5
area_mult_min = 0.08
area_mult_max = 8.0

[volatile]
pipeline_version = 1.3
d_variance = 0.244115
d_variance_err = 0.270084
d_gauss = 0.202371
d_gauss_err = 0.270084
d_msd = 0.211117
d_msd_err = 0.012137
d_mid = 0.250903
d_wall = 0.246448
eta_corrected = 0.00169443
alpha = 1.1216
alpha_err = 0.0377
n_segments = 11
last_processed = 2026-03-08T20:31:15.232887

