# === TRACKER DATA METADATA (readme.txt) ===
# Updated: 2026-03-08T12:18:24.339572
# Pipeline: v1.2

[constants]
filename = r15-3mu-0_5p-6ul-acetone-497ul-trial1-tracker.txt
format = TRACKER
input_units = um
fps = 29.0
total_frames = 240
n_particles = 5
bead_diameter_um = 3.0
solute_pct = 100.00
solute_type = acetone
temp_c = 21.0
pixel_size_um = 0.0684

[volatile]
pipeline_version = 1.2
d_variance = 0.214476
d_variance_err = 0.011433
d_gauss = 0.217773
d_gauss_err = 0.011433
d_msd = 0.217718
d_msd_err = 0.003879
d_mid = 0.430566
d_wall = 0.407191
eta_corrected = 0.00032005
alpha = 0.8098
alpha_err = 0.0269
n_segments = 5
last_processed = 2026-03-08T12:18:24.338578

