# === TRACKER DATA METADATA (readme.txt) ===
# Updated: 2026-03-08T12:16:49.679229
# Pipeline: v1.2

[constants]
filename = 5mu-21c-1isto6_5w-0_5p-trackresults.txt
format = MTRACK2
input_units = px
fps = 29.0
total_frames = 240
n_particles = 17
bead_diameter_um = 5.0
solute_pct = 0.00
solute_type = glycerol
temp_c = 21.0
pixel_size_um = 0.0684

[volatile]
pipeline_version = 1.2
d_variance = 0.013650
d_variance_err = 0.001006
d_gauss = 0.011708
d_gauss_err = 0.001006
d_msd = 0.016966
d_msd_err = 0.000356
d_mid = 0.081927
d_wall = 0.074435
eta_corrected = 0.00098069
alpha = 1.0264
alpha_err = 0.0151
n_segments = 21
last_processed = 2026-03-08T12:16:49.679229

