# === TRACKER DATA METADATA (readme.txt) ===
# Updated: 2026-03-08T17:35:06.836153
# Pipeline: v1.3

[constants]
filename = r5-1mu-0_5p-1_15ul-water-400ul-gly-100ul-trial1-tracker.txt
format = TRACKER
input_units = um
fps = 29.0
total_frames = 240
n_particles = 4
bead_diameter_um = 1.0
solute_pct = 20.00
solute_type = glycerol
temp_c = 21.0
pixel_size_um = 0.0684

[volatile]
pipeline_version = 1.3
d_variance = 0.268807
d_variance_err = 0.007546
d_gauss = 0.264440
d_gauss_err = 0.007546
d_msd = 0.243047
d_msd_err = 0.006922
d_mid = 0.250903
d_wall = 0.246448
eta_corrected = 0.00169443
alpha = 1.1399
alpha_err = 0.0746
n_segments = 4
last_processed = 2026-03-08T17:35:06.836153

