# === TRACKER DATA METADATA (readme.txt) ===
# Updated: 2026-03-08T12:16:58.979983
# Pipeline: v1.2

[constants]
filename = r1-1mu-0_5p-1_15ul-water-500ul-gly-0-tracker.txt
format = TRACKER
input_units = um
fps = 29.0
total_frames = 240
n_particles = 5
bead_diameter_um = 1.0
solute_pct = 0.00
solute_type = glycerol
temp_c = 21.0
pixel_size_um = 0.0684

[volatile]
pipeline_version = 1.2
d_variance = 0.424564
d_variance_err = 0.008659
d_gauss = 0.421997
d_gauss_err = 0.008659
d_msd = 0.399846
d_msd_err = 0.009266
d_mid = 0.433498
d_wall = 0.425801
eta_corrected = 0.00098071
alpha = 0.8145
alpha_err = 0.0347
n_segments = 5
last_processed = 2026-03-08T12:16:58.979983

