# === TRACKER DATA METADATA (readme.txt) ===
# Updated: 2026-03-08T12:17:08.160075
# Pipeline: v1.2

[constants]
filename = r10-2_1mu-0_5p-4ul-water-298ul-gly-200ul-trial1-tracker.txt
format = TRACKER
input_units = um
fps = 29.0
total_frames = 240
n_particles = 4
bead_diameter_um = 2.1
solute_pct = 40.16
solute_type = glycerol
temp_c = 21.0
pixel_size_um = 0.0684

[volatile]
pipeline_version = 1.2
d_variance = 0.029388
d_variance_err = 0.006240
d_gauss = 0.026529
d_gauss_err = 0.006240
d_msd = 0.030834
d_msd_err = 0.001380
d_mid = 0.055528
d_wall = 0.053434
eta_corrected = 0.00359042
alpha = 0.8699
alpha_err = 0.0348
n_segments = 4
last_processed = 2026-03-08T12:17:08.160075

