# === TRACKER DATA METADATA (readme.txt) ===
# Updated: 2026-03-08T20:24:05.497771
# Pipeline: v1.3

[constants]
filename = s9-3um-0_5p-24_0ul-water-1200ul-ace-800ul-trial2.avi
fps = 29.0
total_frames = 120
width = 1440
height = 1080
bead_diameter_um = 3.0
solute_pct = 40.0
solute_type = acetone
temp_c = 21.0
pixel_size_um = 0.0684

[detection]
mode = AUTO
threshold = 15
blur_sigma = 1.5
close_k_factor = 0.6
min_fill_ratio = 0.4
max_aspect_ratio = 3.0
area_mult_min = 0.1
area_mult_max = 6.0

[volatile]
pipeline_version = 1.3
d_variance = 0.082679
d_variance_err = 0.025808
d_gauss = 0.000000
d_gauss_err = 0.025808
d_msd = 0.032045
d_msd_err = 0.002430
d_mid = 0.222228
d_wall = 0.210163
eta_corrected = 0.00062009
alpha = 0.7460
alpha_err = 0.0800
n_segments = 5
last_processed = 2026-03-08T20:24:05.496246

