# === TRACKER DATA METADATA (readme.txt) ===
# Updated: 2026-03-08T17:35:46.315126
# Pipeline: v1.3

[constants]
filename = s2a-1um-0_5p-2_3ul-water-3997ul-gly-1000ul-trial3-tracker.txt
format = TRACKER
input_units = um
fps = 29.0
total_frames = 120
n_particles = 1
bead_diameter_um = 1.0
solute_pct = 20.01
solute_type = glycerol
temp_c = 21.0
pixel_size_um = 0.0684

[volatile]
pipeline_version = 1.3
d_variance = 0.317021
d_variance_err = 0.005195
d_gauss = 0.306632
d_gauss_err = 0.005195
d_msd = 0.360688
d_msd_err = 0.000000
d_mid = 0.250813
d_wall = 0.246360
eta_corrected = 0.00169504
alpha = 0.8479
alpha_err = 0.0139
n_segments = 1
last_processed = 2026-03-08T17:35:46.314125

