# === TRACKER DATA METADATA (readme.txt) ===
# Updated: 2026-03-08T12:19:11.792338
# Pipeline: v1.2

[constants]
filename = r3-3mu-0_5p-4ul-water-497ul-gly-0-trial1-tracker.txt
format = TRACKER
input_units = um
fps = 29.0
total_frames = 240
n_particles = 5
bead_diameter_um = 3.0
solute_pct = 0.00
solute_type = glycerol
temp_c = 21.0
pixel_size_um = 0.0684

[volatile]
pipeline_version = 1.2
d_variance = 0.085633
d_variance_err = 0.017404
d_gauss = 0.077430
d_gauss_err = 0.017404
d_msd = 0.084853
d_msd_err = 0.005075
d_mid = 0.140501
d_wall = 0.132873
eta_corrected = 0.00098078
alpha = 0.6728
alpha_err = 0.0364
n_segments = 5
last_processed = 2026-03-08T12:19:11.789338

