# === TRACKER DATA METADATA (readme.txt) ===
# Updated: 2026-03-08T17:36:14.266934
# Pipeline: v1.3

[constants]
filename = s7-3um-0_5p-3_8ul-water-316_2ul-gly-180ul-trial2-tracker.txt
format = TRACKER
input_units = um
fps = 29.0
total_frames = 120
n_particles = 4
bead_diameter_um = 3.0
solute_pct = 36.28
solute_type = glycerol
temp_c = 21.0
pixel_size_um = 0.0684

[volatile]
pipeline_version = 1.3
d_variance = 0.009007
d_variance_err = 0.003131
d_gauss = 0.008680
d_gauss_err = 0.003131
d_msd = 0.003300
d_msd_err = 0.000993
d_mid = 0.045282
d_wall = 0.042823
eta_corrected = 0.00304320
alpha = 0.9710
alpha_err = 0.0126
n_segments = 4
last_processed = 2026-03-08T17:36:14.266934

