# === TRACKER DATA METADATA (readme.txt) ===
# Updated: 2026-03-08T17:34:35.266152
# Pipeline: v1.3

[constants]
filename = r14-2_1mu-0_5p-4ul-acetone-498ul-trial1-tracker.txt
format = TRACKER
input_units = um
fps = 29.0
total_frames = 240
n_particles = 5
bead_diameter_um = 2.1
solute_pct = 100.00
solute_type = acetone
temp_c = 21.0
pixel_size_um = 0.0684

[volatile]
pipeline_version = 1.3
d_variance = 0.285521
d_variance_err = 0.014841
d_gauss = 0.281852
d_gauss_err = 0.014841
d_msd = 0.286791
d_msd_err = 0.005303
d_mid = 0.622974
d_wall = 0.599477
eta_corrected = 0.00032003
alpha = 0.9644
alpha_err = 0.0243
n_segments = 5
last_processed = 2026-03-08T17:34:35.266152

