# === TRACKER DATA METADATA (readme.txt) ===
# Updated: 2026-03-08T17:36:11.487997
# Pipeline: v1.3

[constants]
filename = s7-3um-0_5p-3_8ul-water-316_2ul-gly-180ul-trial1-tracker.txt
format = TRACKER
input_units = um
fps = 29.0
total_frames = 120
n_particles = 3
bead_diameter_um = 3.0
solute_pct = 36.28
solute_type = glycerol
temp_c = 21.0
pixel_size_um = 0.0684

[volatile]
pipeline_version = 1.3
d_variance = 0.000000
d_variance_err = 0.002988
d_gauss = 0.000000
d_gauss_err = 0.002988
d_msd = 0.003384
d_msd_err = 0.001387
d_mid = 0.045282
d_wall = 0.042823
eta_corrected = 0.00304320
alpha = 1.2462
alpha_err = 0.0080
n_segments = 3
last_processed = 2026-03-08T17:36:11.487997

