# === TRACKER DATA METADATA (readme.txt) ===
# Updated: 2026-03-08T17:35:57.267525
# Pipeline: v1.3

[constants]
filename = s2c-1um-0_5p-11_5ul-water-3978_5ul-gly-1000ul-trial1-tracker.txt
format = TRACKER
input_units = um
fps = 29.0
total_frames = 120
n_particles = 3
bead_diameter_um = 1.0
solute_pct = 20.09
solute_type = glycerol
temp_c = 21.0
pixel_size_um = 0.0684

[volatile]
pipeline_version = 1.3
d_variance = 0.189265
d_variance_err = 0.011003
d_gauss = 0.188158
d_gauss_err = 0.011003
d_msd = 0.212397
d_msd_err = 0.007230
d_mid = 0.250221
d_wall = 0.245778
eta_corrected = 0.00169905
alpha = 0.6983
alpha_err = 0.0492
n_segments = 3
last_processed = 2026-03-08T17:35:57.266524

