# === TRACKER DATA METADATA (readme.txt) ===
# Updated: 2026-03-08T12:17:27.062984
# Pipeline: v1.2

[constants]
filename = r11-3mu-0_5p-6ul-water-297ul-gly-200ul-trial1-tracker.txt
format = TRACKER
input_units = um
fps = 29.0
total_frames = 240
n_particles = 5
bead_diameter_um = 3.0
solute_pct = 40.24
solute_type = glycerol
temp_c = 21.0
pixel_size_um = 0.0684

[volatile]
pipeline_version = 1.2
d_variance = 0.025735
d_variance_err = 0.003317
d_gauss = 0.021908
d_gauss_err = 0.003317
d_msd = 0.022406
d_msd_err = 0.001004
d_mid = 0.038242
d_wall = 0.036166
eta_corrected = 0.00360341
alpha = 0.8007
alpha_err = 0.0347
n_segments = 5
last_processed = 2026-03-08T12:17:27.061985

