# === TRACKER DATA METADATA (readme.txt) ===
# Updated: 2026-03-08T20:21:48.009111
# Pipeline: v1.3

[constants]
filename = s2c-1um-0_5p-11_5ul-water-3978_5ul-gly-1000ul-trial2.avi
fps = 29.0
total_frames = 120
width = 1440
height = 1080
bead_diameter_um = 1.0
solute_pct = 20.0
solute_type = glycerol
temp_c = 21.0
pixel_size_um = 0.0684

[detection]
mode = AUTO
threshold = 7
blur_sigma = 1.2
close_k_factor = 0.8
min_fill_ratio = 0.25
max_aspect_ratio = 3.5
area_mult_min = 0.08
area_mult_max = 8.0

[volatile]
pipeline_version = 1.3
d_variance = 0.281019
d_variance_err = 0.105003
d_gauss = 0.148498
d_gauss_err = 0.105003
d_msd = 0.218220
d_msd_err = 0.012219
d_mid = 0.250221
d_wall = 0.245778
eta_corrected = 0.00169905
alpha = 0.3177
alpha_err = 0.0725
n_segments = 18
last_processed = 2026-03-08T20:21:48.008111

