# === TRACKER DATA METADATA (readme.txt) ===
# Updated: 2026-03-08T17:36:00.001613
# Pipeline: v1.3

[constants]
filename = s2c-1um-0_5p-11_5ul-water-3978_5ul-gly-1000ul-trial2-tracker.txt
format = TRACKER
input_units = um
fps = 29.0
total_frames = 120
n_particles = 5
bead_diameter_um = 1.0
solute_pct = 20.09
solute_type = glycerol
temp_c = 21.0
pixel_size_um = 0.0684

[volatile]
pipeline_version = 1.3
d_variance = 0.169635
d_variance_err = 0.010667
d_gauss = 0.162311
d_gauss_err = 0.010667
d_msd = 0.163472
d_msd_err = 0.005108
d_mid = 0.250221
d_wall = 0.245778
eta_corrected = 0.00169905
alpha = 0.8919
alpha_err = 0.0499
n_segments = 5
last_processed = 2026-03-08T17:36:00.000613

