# === TRACKER DATA METADATA (readme.txt) ===
# Updated: 2026-03-08T12:19:58.706882
# Pipeline: v1.2

[constants]
filename = r6-2_1mu-0_5p-4ul-water-398ul-gly-100l-trial1-tracker.txt
format = TRACKER
input_units = um
fps = 29.0
total_frames = 240
n_particles = 3
bead_diameter_um = 2.1
solute_pct = 20.08
solute_type = glycerol
temp_c = 21.0
pixel_size_um = 0.0684

[volatile]
pipeline_version = 1.2
d_variance = 0.153690
d_variance_err = 0.005883
d_gauss = 0.149839
d_gauss_err = 0.005883
d_msd = 0.147948
d_msd_err = 0.002814
d_mid = 0.117357
d_wall = 0.112931
eta_corrected = 0.00169884
alpha = 0.6942
alpha_err = 0.0456
n_segments = 3
last_processed = 2026-03-08T12:19:58.705883

