# === TRACKER DATA METADATA (readme.txt) ===
# Updated: 2026-03-08T12:19:21.071577
# Pipeline: v1.2

[constants]
filename = r4-5mu-0_5p-10ul-water-490ul-gly-0-trial1-tracker.txt
format = TRACKER
input_units = um
fps = 29.0
total_frames = 240
n_particles = 3
bead_diameter_um = 5.0
solute_pct = 0.00
solute_type = glycerol
temp_c = 21.0
pixel_size_um = 0.0684

[volatile]
pipeline_version = 1.2
d_variance = 0.062332
d_variance_err = 0.009445
d_gauss = 0.053517
d_gauss_err = 0.009445
d_msd = 0.046783
d_msd_err = 0.000659
d_mid = 0.081907
d_wall = 0.074418
eta_corrected = 0.00098092
alpha = 0.9669
alpha_err = 0.0143
n_segments = 3
last_processed = 2026-03-08T12:19:21.070574

