# === TRACKER DATA METADATA (readme.txt) ===
# Updated: 2026-03-08T12:19:30.337440
# Pipeline: v1.2

[constants]
filename = r4-5mu-0_5p-10ul-water-490ul-gly-0-trial2-tracker.txt
format = TRACKER
input_units = um
fps = 29.0
total_frames = 240
n_particles = 2
bead_diameter_um = 5.0
solute_pct = 0.00
solute_type = glycerol
temp_c = 21.0
pixel_size_um = 0.0684

[volatile]
pipeline_version = 1.2
d_variance = 0.035268
d_variance_err = 0.000898
d_gauss = 0.036848
d_gauss_err = 0.000898
d_msd = 0.024739
d_msd_err = 0.000302
d_mid = 0.081907
d_wall = 0.074418
eta_corrected = 0.00098092
alpha = 0.6663
alpha_err = 0.0185
n_segments = 2
last_processed = 2026-03-08T12:19:30.336210

