# === TRACKER DATA METADATA (readme.txt) ===
# Updated: 2026-03-08T20:23:24.327888
# Pipeline: v1.3

[constants]
filename = s7-3um-0_5p-3_8ul-water-316_2ul-gly-180ul-trial3.avi
fps = 29.0
total_frames = 120
width = 1440
height = 1080
bead_diameter_um = 3.0
solute_pct = 36.3
solute_type = glycerol
temp_c = 21.0
pixel_size_um = 0.0684

[detection]
mode = AUTO
threshold = 15
blur_sigma = 1.5
close_k_factor = 0.6
min_fill_ratio = 0.4
max_aspect_ratio = 3.0
area_mult_min = 0.1
area_mult_max = 6.0

[volatile]
pipeline_version = 1.3
d_variance = 0.077612
d_variance_err = 0.104999
d_gauss = 0.000000
d_gauss_err = 0.104999
d_msd = 0.096459
d_msd_err = 0.016025
d_mid = 0.045282
d_wall = 0.042823
eta_corrected = 0.00304320
alpha = 0.2404
alpha_err = 0.0665
n_segments = 3
last_processed = 2026-03-08T20:23:24.313842

