# === TRACKER DATA METADATA (readme.txt) ===
# Updated: 2026-03-08T17:35:29.845796
# Pipeline: v1.3

[constants]
filename = r8-5mu-0_5p-20ul-water-390ul-gly-100ul-trial2-tracker.txt
format = TRACKER
input_units = um
fps = 29.0
total_frames = 240
n_particles = 3
bead_diameter_um = 5.0
solute_pct = 20.41
solute_type = glycerol
temp_c = 21.0
pixel_size_um = 0.0684

[volatile]
pipeline_version = 1.3
d_variance = 0.000000
d_variance_err = 0.007928
d_gauss = 0.000000
d_gauss_err = 0.007928
d_msd = 0.000000
d_msd_err = 0.001178
d_mid = 0.046789
d_wall = 0.042510
eta_corrected = 0.00171718
alpha = 1.2001
alpha_err = 0.0351
n_segments = 3
last_processed = 2026-03-08T17:35:29.845796

