# === TRACKER DATA METADATA (readme.txt) ===
# Updated: 2026-03-08T17:36:08.796134
# Pipeline: v1.3

[constants]
filename = s3-3um-0_5p-3ul-water-396ul-gly-100ul-trial2-tracker.txt
format = TRACKER
input_units = um
fps = 29.0
total_frames = 120
n_particles = 5
bead_diameter_um = 3.0
solute_pct = 20.16
solute_type = glycerol
temp_c = 21.0
pixel_size_um = 0.0684

[volatile]
pipeline_version = 1.3
d_variance = 0.000000
d_variance_err = 0.000412
d_gauss = 0.000000
d_gauss_err = 0.000412
d_msd = 0.000000
d_msd_err = 0.000293
d_mid = 0.080910
d_wall = 0.076517
eta_corrected = 0.00170315
alpha = 0.9211
alpha_err = 0.0103
n_segments = 5
last_processed = 2026-03-08T17:36:08.796134

