# === TRACKER DATA METADATA (readme.txt) ===
# Updated: 2026-03-08T20:28:37.024759
# Pipeline: v1.3

[constants]
filename = r12-5mu-0_5p-20ul-water-290ul-gly-200ul-trial3-best.avi
fps = 29.0
total_frames = 240
width = 1440
height = 1080
bead_diameter_um = 5.0
solute_pct = 40.0
solute_type = glycerol
temp_c = 19.0
pixel_size_um = 0.0684

[detection]
mode = AUTO
threshold = 15
blur_sigma = 2.0
close_k_factor = 0.7
min_fill_ratio = 0.45
max_aspect_ratio = 2.5
area_mult_min = 0.1
area_mult_max = 5.0

[volatile]
pipeline_version = 1.3
d_variance = 0.032475
d_variance_err = 0.006809
d_gauss = 0.002767
d_gauss_err = 0.006809
d_msd = 0.003354
d_msd_err = 0.000900
d_mid = 0.021728
d_wall = 0.019741
eta_corrected = 0.00369771
alpha = 0.6325
alpha_err = 0.0597
n_segments = 9
last_processed = 2026-03-08T20:28:37.023252

