# === TRACKER DATA METADATA (readme.txt) ===
# Updated: 2026-03-08T16:55:50.406599
# Pipeline: v1.3

[constants]
filename = 1mu-21c-1isto224w-0_5p-trackresults.txt
format = MTRACK2
input_units = px
fps = 29.0
total_frames = 481
n_particles = 75
bead_diameter_um = 1.0
solute_pct = 0.00
solute_type = glycerol
temp_c = 21.0
pixel_size_um = 0.0684

[volatile]
pipeline_version = 1.3
d_variance = 0.024804
d_variance_err = 0.003424
d_gauss = 0.025418
d_gauss_err = 0.003424
d_msd = 0.037267
d_msd_err = 0.000756
d_mid = 0.433510
d_wall = 0.425813
eta_corrected = 0.00098069
alpha = 0.9482
alpha_err = 0.0184
n_segments = 91
last_processed = 2026-03-08T16:55:50.405600

