# === TRACKER DATA METADATA (readme.txt) ===
# Updated: 2026-03-08T17:36:23.385599
# Pipeline: v1.3

[constants]
filename = s8-3um-0_5p-3ul-water-397ul-ace-100ul-trial2-tracker.txt
format = TRACKER
input_units = um
fps = 29.0
total_frames = 120
n_particles = 3
bead_diameter_um = 3.0
solute_pct = 20.12
solute_type = acetone
temp_c = 21.0
pixel_size_um = 0.0684

[volatile]
pipeline_version = 1.3
d_variance = 0.004208
d_variance_err = 0.001080
d_gauss = 0.005403
d_gauss_err = 0.001080
d_msd = 0.000000
d_msd_err = 0.000189
d_mid = 0.168285
d_wall = 0.159149
eta_corrected = 0.00081885
alpha = 0.4164
alpha_err = 0.0165
n_segments = 3
last_processed = 2026-03-08T17:36:23.385599

