# === TRACKER DATA METADATA (readme.txt) ===
# Updated: 2026-03-08T12:21:57.757009
# Pipeline: v1.2

[constants]
filename = s9-3um-0_5p-24_0ul-water-1200ul-ace-800ul-trial1-tracker.txt
format = TRACKER
input_units = um
fps = 29.0
total_frames = 120
n_particles = 5
bead_diameter_um = 3.0
solute_pct = 40.00
solute_type = acetone
temp_c = 21.0
pixel_size_um = 0.0684

[volatile]
pipeline_version = 1.2
d_variance = 0.028042
d_variance_err = 0.005483
d_gauss = 0.027281
d_gauss_err = 0.005483
d_msd = 0.033361
d_msd_err = 0.002418
d_mid = 0.222228
d_wall = 0.210163
eta_corrected = 0.00062009
alpha = 0.9694
alpha_err = 0.0091
n_segments = 5
last_processed = 2026-03-08T12:21:57.756027

