# === TRACKER DATA METADATA (readme.txt) ===
# Updated: 2026-03-08T12:21:03.157901
# Pipeline: v1.2

[constants]
filename = r8-5mu-0_5p-20ul-water-390ul-gly-100ul-trial3-tracker.txt
format = TRACKER
input_units = um
fps = 29.0
total_frames = 240
n_particles = 2
bead_diameter_um = 5.0
solute_pct = 20.41
solute_type = glycerol
temp_c = 21.0
pixel_size_um = 0.0684

[volatile]
pipeline_version = 1.2
d_variance = 0.046308
d_variance_err = 0.001301
d_gauss = 0.048034
d_gauss_err = 0.001301
d_msd = 0.054229
d_msd_err = 0.000587
d_mid = 0.046789
d_wall = 0.042510
eta_corrected = 0.00171718
alpha = 1.4392
alpha_err = 0.0393
n_segments = 2
last_processed = 2026-03-08T12:21:03.157901

