# === TRACKER DATA METADATA (readme.txt) ===
# Updated: 2026-03-08T17:35:43.669385
# Pipeline: v1.3

[constants]
filename = s2a-1um-0_5p-2_3ul-water-3997ul-gly-1000ul-trial2-tracker.txt
format = TRACKER
input_units = um
fps = 29.0
total_frames = 120
n_particles = 3
bead_diameter_um = 1.0
solute_pct = 20.01
solute_type = glycerol
temp_c = 21.0
pixel_size_um = 0.0684

[volatile]
pipeline_version = 1.3
d_variance = 0.248010
d_variance_err = 0.004610
d_gauss = 0.257051
d_gauss_err = 0.004610
d_msd = 0.261182
d_msd_err = 0.002595
d_mid = 0.250813
d_wall = 0.246360
eta_corrected = 0.00169504
alpha = 1.1567
alpha_err = 0.0115
n_segments = 3
last_processed = 2026-03-08T17:35:43.669385

