# === TRACKER DATA METADATA (readme.txt) ===
# Updated: 2026-03-08T17:35:51.756321
# Pipeline: v1.3

[constants]
filename = s2b-3um-0_5p-2_3ul-water-3997ul-gly-1000ul-trial2-tracker.txt
format = TRACKER
input_units = um
fps = 29.0
total_frames = 120
n_particles = 1
bead_diameter_um = 3.0
solute_pct = 20.01
solute_type = glycerol
temp_c = 21.0
pixel_size_um = 0.0684

[volatile]
pipeline_version = 1.3
d_variance = 0.081039
d_variance_err = 0.003171
d_gauss = 0.074697
d_gauss_err = 0.003171
d_msd = 0.086055
d_msd_err = 0.000711
d_mid = 0.081297
d_wall = 0.076883
eta_corrected = 0.00169504
alpha = 1.3020
alpha_err = 0.0508
n_segments = 1
last_processed = 2026-03-08T17:35:51.755815

