# === TRACKER DATA METADATA (readme.txt) ===
# Updated: 2026-03-08T17:35:38.085828
# Pipeline: v1.3

[constants]
filename = s1b-3um-0_5p-2_5ul-water-597_5ul-gly-0ul-trial4-tracker.txt
format = TRACKER
input_units = um
fps = 29.0
total_frames = 120
n_particles = 5
bead_diameter_um = 3.0
solute_pct = 0.00
solute_type = glycerol
temp_c = 21.0
pixel_size_um = 0.0684

[volatile]
pipeline_version = 1.3
d_variance = 0.059743
d_variance_err = 0.005101
d_gauss = 0.057678
d_gauss_err = 0.005101
d_msd = 0.068249
d_msd_err = 0.002395
d_mid = 0.140508
d_wall = 0.132880
eta_corrected = 0.00098074
alpha = 0.9089
alpha_err = 0.0102
n_segments = 5
last_processed = 2026-03-08T17:35:38.085828

