# === TRACKER DATA METADATA (readme.txt) ===
# Updated: 2026-03-08T20:20:39.406405
# Pipeline: v1.3

[constants]
filename = s2a-1um-0_5p-2_3ul-water-3997ul-gly-1000ul-trial3.avi
fps = 29.0
total_frames = 120
width = 1440
height = 1080
bead_diameter_um = 1.0
solute_pct = 20.0
solute_type = glycerol
temp_c = 21.0
pixel_size_um = 0.0684

[detection]
mode = AUTO
threshold = 7
blur_sigma = 1.2
close_k_factor = 0.8
min_fill_ratio = 0.25
max_aspect_ratio = 3.5
area_mult_min = 0.08
area_mult_max = 8.0

[volatile]
pipeline_version = 1.3
d_variance = 0.238640
d_variance_err = 0.027480
d_gauss = 0.152301
d_gauss_err = 0.027480
d_msd = 0.108079
d_msd_err = 0.010590
d_mid = 0.250813
d_wall = 0.246360
eta_corrected = 0.00169504
alpha = 1.9950
alpha_err = 0.2401
n_segments = 3
last_processed = 2026-03-08T20:20:39.405407

