video,date,prefix,trial,bead_um,solute_pct,solute_type,eta_mPas,fps,n_segments,D_variance,D_var_err,D_gauss,D_gauss_err,D_msd,D_msd_err,D_var_raw,D_gauss_raw,D_msd_raw,D_noise,D_theory,D_mid,D_wall,F_mid,alpha,alpha_err,dev_pct
r1-1mu-0_5p-1_15ul-water-500ul-gly-0-tracker,2026-03-05,r1,1,1.000000,0.000000,Glycerol,0.980687,29.000000,5,0.406528,0.008659,0.403961,0.008659,0.381810,0.009266,0.424564,0.421997,0.399846,0.018036,0.439490,0.433498,0.425801,0.986365,0.814494,0.034697,-8.319472
r10-2_1mu-0_5p-4ul-water-298ul-gly-200ul-trial1-tracker,2026-03-05,r10,1,2.100000,40.160643,Glycerol,3.590084,29.000000,4,0.011352,0.006240,0.008493,0.006240,0.012798,0.001380,0.029388,0.026529,0.030834,0.018036,0.057164,0.055528,0.053434,0.971380,0.869903,0.034752,-80.404178
r10-2_1mu-0_5p-4ul-water-298ul-gly-200ul-trial2-tracker,2026-03-05,r10,2,2.100000,40.160643,Glycerol,3.590084,29.000000,4,0.034799,0.004234,0.032403,0.004234,0.032644,0.001213,0.052835,0.050439,0.050680,0.018036,0.057164,0.055528,0.053434,0.971380,0.939565,0.010431,-40.062758
r11-3mu-0_5p-6ul-water-297ul-gly-200ul-trial1-tracker,2026-03-05,r11,1,3.000000,40.241449,Glycerol,3.602901,29.000000,5,0.007699,0.003317,0.003872,0.003317,0.004371,0.001004,0.025735,0.021908,0.022406,0.018036,0.039871,0.038242,0.036166,0.959139,0.800714,0.034730,-86.103829
r11-3mu-0_5p-6ul-water-297ul-gly-200ul-trial2-tracker,2026-03-05,r11,2,3.000000,40.241449,Glycerol,3.602901,29.000000,5,0.003469,0.001508,0.002908,0.001508,0.000000,0.000509,0.021505,0.020944,0.017990,0.018036,0.039871,0.038242,0.036166,0.959139,0.994723,0.050680,-94.441293
r12-5mu-0_5p-10ul-water-290ul-gly-200ul-trial2-tracker,2026-03-05,r12,2,5.000000,40.816327,Glycerol,3.695982,29.000000,3,0.000000,0.003036,0.000000,0.003036,0.000000,0.000524,0.010426,0.009052,0.009121,0.018036,0.023318,0.021733,0.019746,0.932041,1.104477,0.018087,-100.000000
r12-5mu-0_5p-10ul-water-290ul-gly-200ul-trial3-tracker,2026-03-05,r12,3,5.000000,40.816327,Glycerol,3.695982,29.000000,5,0.000000,0.000693,0.000000,0.000693,0.000000,0.000158,0.015187,0.016365,0.010835,0.018036,0.023318,0.021733,0.019746,0.932041,1.110483,0.012297,-100.000000
r12-5mu-0_5p-20ul-water-290ul-gly-200ul-trial2-tracker,2026-03-05,r12,2,5.000000,40.816327,Glycerol,3.695982,29.000000,3,0.000000,0.003036,0.000000,0.003036,0.000000,0.000524,0.010426,0.009052,0.009121,0.018036,0.023312,0.021728,0.019741,0.932041,1.104477,0.018087,-100.000000
r12-5mu-0_5p-20ul-water-290ul-gly-200ul-trial3-tracker,2026-03-05,r12,3,5.000000,40.816327,Glycerol,3.695982,29.400000,5,0.001550,0.000636,0.000426,0.000636,0.000000,0.000303,0.019586,0.018462,0.016392,0.018036,0.023312,0.021728,0.019741,0.932041,0.944061,0.010858,-96.968288
r14-2_1mu-0_5p-4ul-acetone-498ul-trial1-tracker,2026-03-05,r14,1,2.100000,100.000000,Acetone,0.320000,29.000000,5,0.285521,0.014841,0.281852,0.014841,0.286791,0.005303,0.303556,0.299888,0.304826,0.018036,0.641329,0.622974,0.599477,0.971380,0.964395,0.024278,-54.296476
r14-2_1mu-0_5p-4ul-acetone-498ul-trial2-tracker,2026-03-05,r14,2,2.100000,100.000000,Acetone,0.320000,29.000000,5,0.346625,0.006036,0.341904,0.006036,0.361909,0.005157,0.364661,0.359940,0.379945,0.018036,0.641329,0.622974,0.599477,0.971380,1.031689,0.019039,-43.794477
r15-3mu-0_5p-6ul-acetone-497ul-trial1-tracker,2026-03-05,r15,1,3.000000,100.000000,Acetone,0.320000,29.000000,5,0.196441,0.011433,0.199737,0.011433,0.199682,0.003879,0.214476,0.217773,0.217718,0.018036,0.448909,0.430566,0.407191,0.959139,0.809752,0.026910,-53.870025
r16-5mu-0_5p-20ul-acetone-490-trial1-tracker,2026-03-05,r16,1,5.000000,100.000000,Acetone,0.320000,29.000000,3,0.054084,0.001081,0.054457,0.001081,0.068860,0.003089,0.072120,0.072493,0.086896,0.018036,0.269258,0.250959,0.228012,0.932041,1.075386,0.043550,-76.436990
r16-5mu-0_5p-20ul-acetone-490-trial2-tracker,2026-03-05,r16,2,5.000000,100.000000,Acetone,0.320000,29.000000,2,0.066183,0.003620,0.071499,0.003620,0.062262,0.001778,0.084219,0.089534,0.080298,0.018036,0.269258,0.250959,0.228012,0.932041,0.891505,0.021234,-73.442800
r16-5mu-0_5p-20ul-acetone-490-trial4-tracker,2026-03-05,r16,4,5.000000,100.000000,Acetone,0.320000,29.000000,3,0.070262,0.003537,0.070979,0.003537,0.059566,0.001676,0.088297,0.089014,0.077602,0.018036,0.269258,0.250959,0.228012,0.932041,0.603909,0.056981,-73.328202
r2-2_1mu-0_5p-4ul-water-498ul-gly-0l-trial1-tracker,2026-03-05,r2,1,2.100000,0.000000,Glycerol,0.980687,29.000000,5,0.070611,0.025008,0.063173,0.025008,0.072707,0.005972,0.088647,0.081209,0.090743,0.018036,0.209267,0.203278,0.195611,0.971380,1.234346,0.031562,-66.139633
r3-3mu-0_5p-4ul-water-497ul-gly-0-trial1-tracker,2026-03-05,r3,1,3.000000,0.000000,Glycerol,0.980687,29.000000,5,0.067597,0.017404,0.059394,0.017404,0.066817,0.005075,0.085633,0.077430,0.084853,0.018036,0.146487,0.140501,0.132873,0.959139,0.672840,0.036444,-54.019743
r3-3mu-0_5p-4ul-water-497ul-gly-0-trial2-tracker,2026-03-05,r3,2,3.000000,0.000000,Glycerol,0.980687,29.000000,1,0.105874,0.002766,0.100342,0.002766,0.061506,0.000399,0.123910,0.118378,0.079542,0.018036,0.146487,0.140501,0.132873,0.959139,0.688797,0.046342,-36.484094
r4-5mu-0_5p-10ul-water-490ul-gly-0-trial1-tracker,2026-03-05,r4,1,5.000000,0.000000,Glycerol,0.980687,29.000000,3,0.044296,0.009445,0.035481,0.009445,0.028747,0.000659,0.062332,0.053517,0.046783,0.018036,0.087880,0.081907,0.074418,0.932041,0.966863,0.014292,-55.834544
r4-5mu-0_5p-10ul-water-490ul-gly-0-trial2-tracker,2026-03-05,r4,2,5.000000,0.000000,Glycerol,0.980687,29.000000,2,0.017233,0.000898,0.018812,0.000898,0.006703,0.000302,0.035268,0.036848,0.024739,0.018036,0.087880,0.081907,0.074418,0.932041,0.666328,0.018451,-82.603487
r5-1mu-0_5p-1_15ul-water-400ul-gly-100ul-trial1-tracker,2026-03-05,r5,1,1.000000,20.000000,Glycerol,1.694385,29.000000,4,0.268807,0.007546,0.264440,0.007546,0.243047,0.006922,0.286843,0.282476,0.261083,0.018036,0.254371,0.250903,0.246448,0.986365,1.139938,0.074572,3.133625
r5-1mu-0_5p-1_15ul-water-400ul-gly-100ul-trial2-tracker,2026-03-05,r5,2,1.000000,20.000000,Glycerol,1.694385,29.000000,4,0.254491,0.007043,0.253729,0.007043,0.231861,0.006378,0.272526,0.271764,0.249897,0.018036,0.254371,0.250903,0.246448,0.986365,1.020868,0.023579,-1.677632
r6-2_1mu-0_5p-4ul-water-398ul-gly-100l-trial1-tracker,2026-03-05,r6,1,2.100000,20.080321,Glycerol,1.698680,29.000000,3,0.135654,0.005883,0.131804,0.005883,0.129912,0.002814,0.153690,0.149839,0.147948,0.018036,0.120815,0.117357,0.112931,0.971380,0.694240,0.045572,12.866422
r6-2_1mu-0_5p-4ul-water-398ul-gly-100l-trial2-tracker,2026-03-05,r6,2,2.100000,20.080321,Glycerol,1.698680,29.000000,4,0.110084,0.012649,0.110535,0.012649,0.114494,0.004032,0.128120,0.128571,0.132530,0.018036,0.120815,0.117357,0.112931,0.971380,0.882279,0.027401,-4.816330
r7-3mu-0_5p-3ul-water-397ul-gly-100ul-trial1-tracker,2026-03-05,r7,1,3.000000,20.120724,Glycerol,1.700846,29.000000,2,0.111871,0.005952,0.111628,0.005952,0.084410,0.003352,0.129907,0.129664,0.102446,0.018036,0.084464,0.081013,0.076615,0.959139,0.780194,0.036504,26.691445
r7-3mu-0_5p-3ul-water-397ul-gly-100ul-trial2-tracker,2026-03-05,r7,2,3.000000,20.120724,Glycerol,1.700846,29.000000,4,0.071210,0.002727,0.071962,0.002727,0.070332,0.001596,0.089245,0.089998,0.088368,0.018036,0.084464,0.081013,0.076615,0.959139,1.000926,0.022971,-12.152554
r7-3mu-0_5p-3ul-water-397ul-gly-100ul-trial3-tracker,2026-03-05,r7,3,3.000000,20.120724,Glycerol,1.700846,29.000000,4,0.076856,0.008497,0.074737,0.008497,0.077307,0.002109,0.094892,0.092772,0.095342,0.018036,0.084464,0.081013,0.076615,0.959139,1.183241,0.030373,-5.818232
r8-5mu-0_5p-20ul-water-390ul-gly-100ul-trial1-tracker,2026-03-05,r8,1,5.000000,20.408163,Glycerol,1.716376,29.000000,3,0.030087,0.002988,0.032875,0.002988,0.024784,0.000888,0.048123,0.050911,0.042819,0.018036,0.050200,0.046789,0.042510,0.932041,0.791603,0.014537,-37.487735
r8-5mu-0_5p-20ul-water-390ul-gly-100ul-trial2-tracker,2026-03-05,r8,2,5.000000,20.408163,Glycerol,1.716376,29.000000,3,0.000000,0.007928,0.000000,0.007928,0.000000,0.001178,0.016584,0.009103,0.011282,0.018036,0.050200,0.046789,0.042510,0.932041,1.200090,0.035072,-100.000000
r8-5mu-0_5p-20ul-water-390ul-gly-100ul-trial3-tracker,2026-03-05,r8,3,5.000000,20.408163,Glycerol,1.716376,29.000000,2,0.028272,0.001301,0.029998,0.001301,0.036194,0.000587,0.046308,0.048034,0.054229,0.018036,0.050200,0.046789,0.042510,0.932041,1.439158,0.039291,-32.701556
s1b-3um-0_5p-2_5ul-water-597_5ul-gly-0ul-trial3-tracker,2026-03-05,s1b,3,3.000000,0.000000,Glycerol,0.980687,29.000000,5,0.059042,0.003347,0.061263,0.003347,0.072019,0.005202,0.077078,0.079299,0.090055,0.018036,0.146493,0.140508,0.132880,0.959139,0.489505,0.141419,-54.373872
s1b-3um-0_5p-2_5ul-water-597_5ul-gly-0ul-trial4-tracker,2026-03-05,s1b,4,3.000000,0.000000,Glycerol,0.980687,29.000000,5,0.059743,0.005101,0.057678,0.005101,0.068249,0.002395,0.077779,0.075713,0.086285,0.018036,0.146493,0.140508,0.132880,0.959139,0.908861,0.010241,-55.952691
s1b-3um-0_5p-2_5ul-water-597_5ul-gly-0ul-trial5-tracker,2026-03-05,s1b,5,3.000000,0.000000,Glycerol,0.980687,29.000000,4,0.007640,0.002101,0.006678,0.002101,0.000000,0.000290,0.025676,0.024714,0.007256,0.018036,0.146493,0.140508,0.132880,0.959139,0.202599,0.022790,-96.603136
s2a-1um-0_5p-2_3ul-water-3997ul-gly-1000ul-trial2-tracker,2026-03-05,s2a,2,1.000000,20.012007,Glycerol,1.695026,29.000000,3,0.248010,0.004610,0.257051,0.004610,0.261182,0.002595,0.266046,0.275087,0.279218,0.018036,0.254280,0.250813,0.246360,0.986365,1.156712,0.011523,1.834598
s2a-1um-0_5p-2_3ul-water-3997ul-gly-1000ul-trial3-tracker,2026-03-05,s2a,3,1.000000,20.012007,Glycerol,1.695026,29.000000,1,0.317021,0.005195,0.306632,0.005195,0.360688,0.000000,0.335057,0.324667,0.378724,0.018036,0.254280,0.250813,0.246360,0.986365,0.847929,0.013946,30.819838
s2b-3um-0_5p-2_3ul-water-3997ul-gly-1000ul-trial1-tracker,2026-03-05,s2b,1,3.000000,20.012007,Glycerol,1.695026,29.000000,2,0.093448,0.021423,0.097092,0.021423,0.071132,0.001923,0.111484,0.115128,0.089167,0.018036,0.084760,0.081297,0.076883,0.959139,1.298677,0.026974,7.290882
s2b-3um-0_5p-2_3ul-water-3997ul-gly-1000ul-trial2-tracker,2026-03-05,s2b,2,3.000000,20.012007,Glycerol,1.695026,29.000000,1,0.081039,0.003171,0.074697,0.003171,0.086055,0.000711,0.099074,0.092733,0.104091,0.018036,0.084760,0.081297,0.076883,0.959139,1.302013,0.050783,-0.860587
s2b-3um-0_5p-2_3ul-water-3997ul-gly-1000ul-trial3-tracker,2026-03-05,s2b,3,3.000000,20.012007,Glycerol,1.695026,29.000000,1,0.031927,0.002678,0.026570,0.002678,0.027305,0.000000,0.049963,0.044606,0.045340,0.018036,0.084760,0.081297,0.076883,0.959139,1.439003,0.059244,-64.819395
s2c-1um-0_5p-11_5ul-water-3978_5ul-gly-1000ul-trial1-tracker,2026-03-05,s2c,1,1.000000,20.086371,Glycerol,1.699004,29.000000,3,0.189265,0.011003,0.188158,0.011003,0.212397,0.007230,0.207300,0.206194,0.230433,0.018036,0.253679,0.250221,0.245778,0.986365,0.698343,0.049166,-21.426689
s2c-1um-0_5p-11_5ul-water-3978_5ul-gly-1000ul-trial2-tracker,2026-03-05,s2c,2,1.000000,20.086371,Glycerol,1.699004,29.000000,5,0.169635,0.010667,0.162311,0.010667,0.163472,0.005108,0.187670,0.180347,0.181508,0.018036,0.253679,0.250221,0.245778,0.986365,0.891890,0.049900,-34.002569
s2c-1um-0_5p-11_5ul-water-3978_5ul-gly-1000ul-trial3-tracker,2026-03-05,s2c,3,1.000000,20.086371,Glycerol,1.699004,29.000000,3,0.189265,0.011003,0.188158,0.011003,0.212397,0.007230,0.207300,0.206194,0.230433,0.018036,0.253679,0.250221,0.245778,0.986365,0.698343,0.049166,-21.426689
s3-3um-0_5p-3ul-water-396ul-gly-100ul-trial1-tracker,2026-03-05,s3,1,3.000000,20.161290,Glycerol,1.703025,29.000000,4,0.000000,0.000375,0.000000,0.000375,0.000000,0.000136,0.008866,0.009358,0.008253,0.018036,0.084356,0.080910,0.076517,0.959139,1.143304,0.004885,-100.000000
s3-3um-0_5p-3ul-water-396ul-gly-100ul-trial2-tracker,2026-03-05,s3,2,3.000000,20.161290,Glycerol,1.703025,29.000000,5,0.000000,0.000412,0.000000,0.000412,0.000000,0.000293,0.012201,0.012410,0.010561,0.018036,0.084356,0.080910,0.076517,0.959139,0.921055,0.010296,-100.000000
s7-3um-0_5p-3_8ul-water-316_2ul-gly-180ul-trial1-tracker,2026-03-05,s7,1,3.000000,36.275695,Glycerol,3.042924,29.000000,3,0.000000,0.002988,0.000000,0.002988,0.003384,0.001387,0.015836,0.015174,0.021420,0.018036,0.047211,0.045282,0.042823,0.959139,1.246245,0.007993,-97.509066
s7-3um-0_5p-3_8ul-water-316_2ul-gly-180ul-trial2-tracker,2026-03-05,s7,2,3.000000,36.275695,Glycerol,3.042924,29.000000,4,0.009007,0.003131,0.008680,0.003131,0.003300,0.000993,0.027043,0.026716,0.021336,0.018036,0.047211,0.045282,0.042823,0.959139,0.971016,0.012631,-84.550909
s7-3um-0_5p-3_8ul-water-316_2ul-gly-180ul-trial3-tracker,2026-03-05,s7,3,3.000000,36.275695,Glycerol,3.042924,29.000000,5,0.003867,0.003724,0.000349,0.003724,0.000000,0.000817,0.021903,0.018385,0.015913,0.018036,0.047211,0.045282,0.042823,0.959139,1.037096,0.034280,-96.896329
s8-3um-0_5p-3ul-water-397ul-ace-100ul-trial1-tracker,2026-03-05,s8,1,3.000000,20.120724,Acetone,0.818793,29.000000,2,0.007790,0.004275,0.004361,0.004275,0.000000,0.000546,0.025825,0.022396,0.007597,0.018036,0.175455,0.168285,0.159149,0.959139,0.348296,0.031129,-97.593339
s8-3um-0_5p-3ul-water-397ul-ace-100ul-trial2-tracker,2026-03-05,s8,2,3.000000,20.120724,Acetone,0.818793,29.000000,3,0.004208,0.001080,0.005403,0.001080,0.000000,0.000189,0.022244,0.023438,0.012045,0.018036,0.175455,0.168285,0.159149,0.959139,0.416362,0.016531,-98.096429
s9-3um-0_5p-24_0ul-water-1200ul-ace-800ul-trial1-tracker,2026-03-05,s9,1,3.000000,40.000000,Acetone,0.620000,29.000000,5,0.010007,0.005483,0.009245,0.005483,0.015325,0.002418,0.028042,0.027281,0.033361,0.018036,0.231695,0.222228,0.210163,0.959139,0.969444,0.009056,-94.813597
