# === TRACKER DATA METADATA (readme.txt) ===
# Updated: 2026-03-08T17:34:20.315798
# Pipeline: v1.3

[constants]
filename = r11-3mu-0_5p-6ul-water-297ul-gly-200ul-trial2-tracker.txt
format = TRACKER
input_units = um
fps = 29.0
total_frames = 240
n_particles = 5
bead_diameter_um = 3.0
solute_pct = 40.24
solute_type = glycerol
temp_c = 21.0
pixel_size_um = 0.0684

[volatile]
pipeline_version = 1.3
d_variance = 0.003469
d_variance_err = 0.001508
d_gauss = 0.002908
d_gauss_err = 0.001508
d_msd = 0.000000
d_msd_err = 0.000509
d_mid = 0.038242
d_wall = 0.036166
eta_corrected = 0.00360341
alpha = 0.9947
alpha_err = 0.0507
n_segments = 5
last_processed = 2026-03-08T17:34:20.315798

