# === TRACKER DATA METADATA (readme.txt) ===
# Updated: 2026-03-08T12:16:26.168519
# Pipeline: v1.2

[constants]
filename = 1mu-0_5p_225x-Results.txt
format = MTRACK2
input_units = px
fps = 29.0
total_frames = 240
n_particles = 39
bead_diameter_um = 1.0
solute_pct = 0.00
solute_type = glycerol
temp_c = 21.0
pixel_size_um = 0.0684

[volatile]
pipeline_version = 1.2
d_variance = 0.282094
d_variance_err = 0.018438
d_gauss = 0.332114
d_gauss_err = 0.018438
d_msd = 0.143090
d_msd_err = 0.006649
d_mid = 0.433510
d_wall = 0.425813
eta_corrected = 0.00098069
alpha = 21.0595
alpha_err = 100324.2611
n_segments = 9
last_processed = 2026-03-08T12:16:26.167519

