# === TRACKER DATA METADATA (readme.txt) ===
# Updated: 2026-03-08T20:29:34.908508
# Pipeline: v1.3

[constants]
filename = r16-5mu-0_5p-20ul-acetone-490-trial1.avi
fps = 29.0
total_frames = 240
width = 1440
height = 1080
bead_diameter_um = 5.0
solute_pct = 100.0
solute_type = acetone
temp_c = 19.0
pixel_size_um = 0.0684

[detection]
mode = AUTO
threshold = 15
blur_sigma = 2.0
close_k_factor = 0.7
min_fill_ratio = 0.45
max_aspect_ratio = 2.5
area_mult_min = 0.1
area_mult_max = 5.0

[volatile]
pipeline_version = 1.3
d_variance = 0.138415
d_variance_err = 0.072294
d_gauss = 0.029700
d_gauss_err = 0.072294
d_msd = 0.022045
d_msd_err = 0.001981
d_mid = 0.250959
d_wall = 0.228012
eta_corrected = 0.00032015
alpha = 0.8204
alpha_err = 0.1139
n_segments = 4
last_processed = 2026-03-08T20:29:34.907505

