# === TRACKER DATA METADATA (readme.txt) ===
# Updated: 2026-03-08T12:19:49.232790
# Pipeline: v1.2

[constants]
filename = r5-1mu-0_5p-1_15ul-water-400ul-gly-100ul-trial2-tracker.txt
format = TRACKER
input_units = um
fps = 29.0
total_frames = 240
n_particles = 4
bead_diameter_um = 1.0
solute_pct = 20.00
solute_type = glycerol
temp_c = 21.0
pixel_size_um = 0.0684

[volatile]
pipeline_version = 1.2
d_variance = 0.272526
d_variance_err = 0.007043
d_gauss = 0.271764
d_gauss_err = 0.007043
d_msd = 0.249897
d_msd_err = 0.006378
d_mid = 0.250903
d_wall = 0.246448
eta_corrected = 0.00169443
alpha = 1.0209
alpha_err = 0.0236
n_segments = 4
last_processed = 2026-03-08T12:19:49.231799

