# === TRACKER DATA METADATA (readme.txt) ===
# Updated: 2026-03-08T20:21:06.659001
# Pipeline: v1.3

[constants]
filename = s2b-3um-0_5p-2_3ul-water-3997ul-gly-1000ul-trial2.avi
fps = 29.0
total_frames = 120
width = 1440
height = 1080
bead_diameter_um = 3.0
solute_pct = 20.0
solute_type = glycerol
temp_c = 21.0
pixel_size_um = 0.0684

[detection]
mode = AUTO
threshold = 15
blur_sigma = 1.5
close_k_factor = 0.6
min_fill_ratio = 0.4
max_aspect_ratio = 3.0
area_mult_min = 0.1
area_mult_max = 6.0

[volatile]
pipeline_version = 1.3
d_variance = 0.082187
d_variance_err = 0.035254
d_gauss = 0.011678
d_gauss_err = 0.035254
d_msd = 0.022606
d_msd_err = 0.006072
d_mid = 0.081297
d_wall = 0.076883
eta_corrected = 0.00169504
alpha = 0.8617
alpha_err = 0.0864
n_segments = 1
last_processed = 2026-03-08T20:21:06.658002

