# === TRACKER DATA METADATA (readme.txt) ===
# Updated: 2026-03-08T17:36:20.468126
# Pipeline: v1.3

[constants]
filename = s8-3um-0_5p-3ul-water-397ul-ace-100ul-trial1-tracker.txt
format = TRACKER
input_units = um
fps = 29.0
total_frames = 120
n_particles = 2
bead_diameter_um = 3.0
solute_pct = 20.12
solute_type = acetone
temp_c = 21.0
pixel_size_um = 0.0684

[volatile]
pipeline_version = 1.3
d_variance = 0.007790
d_variance_err = 0.004275
d_gauss = 0.004361
d_gauss_err = 0.004275
d_msd = 0.000000
d_msd_err = 0.000546
d_mid = 0.168285
d_wall = 0.159149
eta_corrected = 0.00081885
alpha = 0.3483
alpha_err = 0.0311
n_segments = 2
last_processed = 2026-03-08T17:36:20.468126

