# === TRACKER DATA METADATA (readme.txt) ===
# Updated: 2026-03-08T12:20:35.715749
# Pipeline: v1.2

[constants]
filename = r7-3mu-0_5p-3ul-water-397ul-gly-100ul-trial3-tracker.txt
format = TRACKER
input_units = um
fps = 29.0
total_frames = 240
n_particles = 4
bead_diameter_um = 3.0
solute_pct = 20.12
solute_type = glycerol
temp_c = 21.0
pixel_size_um = 0.0684

[volatile]
pipeline_version = 1.2
d_variance = 0.094892
d_variance_err = 0.008497
d_gauss = 0.092772
d_gauss_err = 0.008497
d_msd = 0.095342
d_msd_err = 0.002109
d_mid = 0.081013
d_wall = 0.076615
eta_corrected = 0.00170097
alpha = 1.1832
alpha_err = 0.0304
n_segments = 4
last_processed = 2026-03-08T12:20:35.714746

