# === TRACKER DATA METADATA (readme.txt) ===
# Updated: 2026-03-08T20:33:05.444017
# Pipeline: v1.3

[constants]
filename = r8-5mu-0_5p-20ul-water-390ul-gly-100ul-trial3.avi
fps = 29.0
total_frames = 240
width = 1440
height = 1080
bead_diameter_um = 5.0
solute_pct = 20.0
solute_type = glycerol
temp_c = 19.0
pixel_size_um = 0.0684

[detection]
mode = AUTO
threshold = 15
blur_sigma = 2.0
close_k_factor = 0.7
min_fill_ratio = 0.45
max_aspect_ratio = 2.5
area_mult_min = 0.1
area_mult_max = 5.0

[volatile]
pipeline_version = 1.3
d_variance = 0.156945
d_variance_err = 0.084321
d_gauss = 0.139157
d_gauss_err = 0.084321
d_msd = 0.080845
d_msd_err = 0.006473
d_mid = 0.046789
d_wall = 0.042510
eta_corrected = 0.00171718
alpha = 0.5624
alpha_err = 0.0403
n_segments = 2
last_processed = 2026-03-08T20:33:05.443004

