# === TRACKER DATA METADATA (readme.txt) ===
# Updated: 2026-03-08T17:35:15.180050
# Pipeline: v1.3

[constants]
filename = r6-2_1mu-0_5p-4ul-water-398ul-gly-100l-trial2-tracker.txt
format = TRACKER
input_units = um
fps = 29.0
total_frames = 240
n_particles = 4
bead_diameter_um = 2.1
solute_pct = 20.08
solute_type = glycerol
temp_c = 21.0
pixel_size_um = 0.0684

[volatile]
pipeline_version = 1.3
d_variance = 0.110084
d_variance_err = 0.012649
d_gauss = 0.110535
d_gauss_err = 0.012649
d_msd = 0.114494
d_msd_err = 0.004032
d_mid = 0.117357
d_wall = 0.112931
eta_corrected = 0.00169884
alpha = 0.8823
alpha_err = 0.0274
n_segments = 4
last_processed = 2026-03-08T17:35:15.179051

