# === TRACKER DATA METADATA (readme.txt) ===
# Updated: 2026-03-08T20:29:06.838502
# Pipeline: v1.3

[constants]
filename = r14-2_1mu-0_5p-4ul-acetone-498ul-trial2.avi
fps = 29.0
total_frames = 240
width = 1440
height = 1080
bead_diameter_um = 2.1
solute_pct = 100.0
solute_type = acetone
temp_c = 19.0
pixel_size_um = 0.0684

[detection]
mode = AUTO
threshold = 12
blur_sigma = 1.2
close_k_factor = 0.5
min_fill_ratio = 0.4
max_aspect_ratio = 3.0
area_mult_min = 0.1
area_mult_max = 6.0

[volatile]
pipeline_version = 1.3
d_variance = 0.343319
d_variance_err = 0.004871
d_gauss = 0.324215
d_gauss_err = 0.004871
d_msd = 0.342723
d_msd_err = 0.006327
d_mid = 0.622974
d_wall = 0.599477
eta_corrected = 0.00032003
alpha = 0.9859
alpha_err = 0.0308
n_segments = 8
last_processed = 2026-03-08T20:29:06.837503

