# === TRACKER DATA METADATA (readme.txt) ===
# Updated: 2026-03-08T17:34:49.658509
# Pipeline: v1.3

[constants]
filename = r16-5mu-0_5p-20ul-acetone-490-trial4-tracker.txt
format = TRACKER
input_units = um
fps = 29.0
total_frames = 240
n_particles = 3
bead_diameter_um = 5.0
solute_pct = 100.00
solute_type = acetone
temp_c = 21.0
pixel_size_um = 0.0684

[volatile]
pipeline_version = 1.3
d_variance = 0.070262
d_variance_err = 0.003537
d_gauss = 0.070979
d_gauss_err = 0.003537
d_msd = 0.059566
d_msd_err = 0.001676
d_mid = 0.250959
d_wall = 0.228012
eta_corrected = 0.00032015
alpha = 0.6039
alpha_err = 0.0570
n_segments = 3
last_processed = 2026-03-08T17:34:49.658509

