# === TRACKER DATA METADATA (readme.txt) ===
# Updated: 2026-03-08T17:34:46.821242
# Pipeline: v1.3

[constants]
filename = r16-5mu-0_5p-20ul-acetone-490-trial2-tracker.txt
format = TRACKER
input_units = um
fps = 29.0
total_frames = 240
n_particles = 2
bead_diameter_um = 5.0
solute_pct = 100.00
solute_type = acetone
temp_c = 21.0
pixel_size_um = 0.0684

[volatile]
pipeline_version = 1.3
d_variance = 0.066183
d_variance_err = 0.003620
d_gauss = 0.071499
d_gauss_err = 0.003620
d_msd = 0.062262
d_msd_err = 0.001778
d_mid = 0.250959
d_wall = 0.228012
eta_corrected = 0.00032015
alpha = 0.8915
alpha_err = 0.0212
n_segments = 2
last_processed = 2026-03-08T17:34:46.819830

