# === TRACKER DATA METADATA (readme.txt) ===
# Updated: 2026-03-08T12:18:14.895413
# Pipeline: v1.2

[constants]
filename = r14-2_1mu-0_5p-4ul-acetone-498ul-trial2-tracker.txt
format = TRACKER
input_units = um
fps = 29.0
total_frames = 240
n_particles = 5
bead_diameter_um = 2.1
solute_pct = 100.00
solute_type = acetone
temp_c = 21.0
pixel_size_um = 0.0684

[volatile]
pipeline_version = 1.2
d_variance = 0.364661
d_variance_err = 0.006036
d_gauss = 0.359940
d_gauss_err = 0.006036
d_msd = 0.379945
d_msd_err = 0.005157
d_mid = 0.622974
d_wall = 0.599477
eta_corrected = 0.00032003
alpha = 1.0317
alpha_err = 0.0190
n_segments = 5
last_processed = 2026-03-08T12:18:14.894413

