# === TRACKER DATA METADATA (readme.txt) ===
# Updated: 2026-03-08T17:34:58.327971
# Pipeline: v1.3

[constants]
filename = r3-3mu-0_5p-4ul-water-497ul-gly-0-trial2-tracker.txt
format = TRACKER
input_units = um
fps = 29.0
total_frames = 240
n_particles = 1
bead_diameter_um = 3.0
solute_pct = 0.00
solute_type = glycerol
temp_c = 21.0
pixel_size_um = 0.0684

[volatile]
pipeline_version = 1.3
d_variance = 0.105874
d_variance_err = 0.002766
d_gauss = 0.100342
d_gauss_err = 0.002766
d_msd = 0.061506
d_msd_err = 0.000399
d_mid = 0.140501
d_wall = 0.132873
eta_corrected = 0.00098078
alpha = 0.6888
alpha_err = 0.0463
n_segments = 1
last_processed = 2026-03-08T17:34:58.327971

