# === TRACKER DATA METADATA (readme.txt) ===
# Updated: 2026-03-08T20:20:12.220962
# Pipeline: v1.3

[constants]
filename = s2a-1um-0_5p-2_3ul-water-3997ul-gly-1000ul-trial1.avi
fps = 29.0
total_frames = 240
width = 1440
height = 1080
bead_diameter_um = 1.0
solute_pct = 20.0
solute_type = glycerol
temp_c = 21.0
pixel_size_um = 0.0684

[detection]
mode = AUTO
threshold = 7
blur_sigma = 1.2
close_k_factor = 0.8
min_fill_ratio = 0.25
max_aspect_ratio = 3.5
area_mult_min = 0.08
area_mult_max = 8.0

[volatile]
pipeline_version = 1.3
d_variance = 0.211945
d_variance_err = 0.065008
d_gauss = 0.173192
d_gauss_err = 0.065008
d_msd = 0.252342
d_msd_err = 0.020851
d_mid = 0.250813
d_wall = 0.246360
eta_corrected = 0.00169504
alpha = 0.8993
alpha_err = 0.0562
n_segments = 4
last_processed = 2026-03-08T20:20:12.219971

