# === TRACKER DATA METADATA (readme.txt) ===
# Updated: 2026-03-08T17:34:26.261799
# Pipeline: v1.3

[constants]
filename = r12-5mu-0_5p-10ul-water-290ul-gly-200ul-trial3-tracker.txt
format = TRACKER
input_units = um
fps = 29.0
total_frames = 240
n_particles = 5
bead_diameter_um = 5.0
solute_pct = 40.82
solute_type = glycerol
temp_c = 21.0
pixel_size_um = 0.0684

[volatile]
pipeline_version = 1.3
d_variance = 0.000000
d_variance_err = 0.000693
d_gauss = 0.000000
d_gauss_err = 0.000693
d_msd = 0.000000
d_msd_err = 0.000158
d_mid = 0.021733
d_wall = 0.019746
eta_corrected = 0.00369686
alpha = 1.1105
alpha_err = 0.0123
n_segments = 5
last_processed = 2026-03-08T17:34:26.261799

