# === TRACKER DATA METADATA (readme.txt) ===
# Updated: 2026-03-08T20:19:17.606655
# Pipeline: v1.3

[constants]
filename = 5um-20pgly-test-1000burstcount.txt
format = MTRACK2
input_units = px
fps = 29.0
total_frames = 240
n_particles = 8
bead_diameter_um = 5.0
solute_pct = 20.00
solute_type = glycerol
temp_c = 21.0
pixel_size_um = 0.0684

[volatile]
pipeline_version = 1.3
d_variance = 0.417551
d_variance_err = 0.082625
d_gauss = 0.280807
d_gauss_err = 0.082625
d_msd = 0.213215
d_msd_err = 0.010968
d_mid = 0.047418
d_wall = 0.043082
eta_corrected = 0.00169439
alpha = 0.3727
alpha_err = 0.0635
n_segments = 8
last_processed = 2026-03-08T20:19:17.604625

